0 842282805
1 842271287
2 842604594
3 876164150
4 171390775
5 540226100
6 808859448
7 859191609
8 842271283
9 892870708
10 842545464
11 170931769
12 540357172
13 959787577
14 959657526
15 842271280
16 926425142
17 892352309
18 171389745
19 540488244
20 825308977
21 959461170
22 842271280
23 875896888
24 943207472
25 171522356
26 540619316
27 876097592
28 909391158
29 859048497
30 842604592
31 875967286
32 171520567
33 540095284
34 959984952
35 909718072
36 859048497
37 892936242
38 959920441
39 171325237
40 540226356
41 892678712
42 959460912
43 859048504
44 925966388
45 943010353
46 171061812
47 540357428
48 909128757
49 926234929
50 859048497
51 809050166
52 825635385
53 171061553
54 540488500
55 892941625
56 859387186
57 859048503
58 926425144
59 808859445
60 170932273
61 540619572
62 892482616
63 892352819
64 875825718
65 876159024
66 875640882
67 170997298
68 540095540
69 825308977
70 875639609
71 875825713
72 875896882
73 892940336
74 171520821
75 540226612
76 960050489
77 926298936
78 875825714
79 876093492
80 858862642
81 171061553
82 540357684
83 926234424
84 942747702
85 875825714
86 876093494
87 959657266
88 171455792
89 540488756
90 959983672
91 909390898
92 875825721
93 925966392
94 859189297
95 171325744
96 540619828
97 842019893
98 825636402
99 892602929
100 876093488
101 909652018
102 171129137
103 540095796
104 825831481
105 825439545
106 892602935
107 926425138
108 808859445
109 171521841
110 540226868
111 943011640
112 943207993
113 892602932
114 959979572
115 842544178
116 171325744
117 540357940
118 825308977
119 909653810
120 892602932
121 875896886
122 926233392
123 171128886
124 540489012
125 942814265
126 909259825
127 892602933
128 926425144
129 842021173
130 171390258
131 540620084
132 926234424
133 942747702
134 909380144
135 808984624
136 876099896
137 170930998
138 540096052
139 959984952
140 909392178
141 909380148
142 925966386
143 943274288
144 171259440
145 540227124
146 875574325
147 892811320
148 909380149
149 926425140
150 825243957
151 171325748
152 540358196
153 825832760
154 825767218
155 909380144
156 926425142
157 808859445
158 171063345
159 540489268
160 808859448
161 959722297
162 909380150
163 926425144
164 876033333
165 171193144
166 540620340
167 858863409
168 876033330
169 926157369
170 875896880
171 959526448
172 171389496
173 540096308
174 909717561
175 842019381
176 926157364
177 842604594
178 892352821
179 171062836
180 540227380
181 892483896
182 959657779
183 926157362
184 842604596
185 909523253
186 171194419
187 540358452
188 892874808
189 943142457
190 926157365
191 925966390
192 892679217
193 171324213
194 540489524
195 808465461
196 959919417
197 926157365
198 892870712
199 926496568
200 171520049
201 540620596
202 943010360
203 825242419
204 942934579
205 959979568
206 926102834
207 171391283
208 540096564
209 942815544
210 808923191
211 942934582
212 892870706
213 825831737
214 171062579
215 540227636
216 892417841
217 892350514
218 942934578
219 875896884
220 909259312
221 171390520
222 540358708
223 909259832
224 959854640
225 942934583
226 808984630
227 809056568
228 171128631
229 540489780
230 892483896
231 808728371
232 942934577
233 876093496
234 959657266
235 170931760
236 540620852
237 942814265
238 909259825
239 959711793
240 925966384
241 926036273
242 171257910
243 540096820
244 858797109
245 859387701
246 959711801
247 876159026
248 825307187
249 170931254
250 540227892
251 842216505
252 960050992
253 959711795
254 959979572
255 926102834
256 171456819
257 540358964
258 809054264
259 909193269
260 959711798
261 809050166
262 909456441
263 170996788
264 540490036
265 858863409
266 858928434
267 959711795
268 875896888
269 959984688
270 170996016
271 540621108
272 875706680
273 876099377
274 808782385
275 892870704
276 842611000
277 171324473
278 540094517
279 892483896
280 959657779
281 808782390
282 926425138
283 909719605
284 171456568
285 540225589
286 875967033
287 892481587
288 808782390
289 925966388
290 825832241
291 171127600
292 540356661
293 909128757
294 942682162
295 808782387
296 842604598
297 876164150
298 171390775
299 540487733
300 876163129
301 808597301
302 808782385
303 809050168
304 875639609
305 171520054
306 540618805
307 808859448
308 942945081
309 825559608
310 892936240
311 875705657
312 171192633
313 540094773
314 959461169
315 825767737
316 825559601
317 875896882
318 909717552
319 170997040
320 540225845
321 959788856
322 959721776
323 825559606
324 892870708
325 892481849
326 170930488
327 540356917
328 859385913
329 825635889
330 825559600
331 926425142
332 859385910
333 170932532
334 540487989
335 909718841
336 909260597
337 825559606
338 925966392
339 859386161
340 171192377
341 540619061
342 842019893
343 842086194
344 842336819
345 876159024
346 875640882
347 171259442
348 540095029
349 960050489
350 859058226
351 842336825
352 809050162
353 875639609
354 171258166
355 540226101
356 959787577
357 942880310
358 842336824
359 892936244
360 876099897
361 171127604
362 540357173
363 858863409
364 876034360
365 842336822
366 875896886
367 943010608
368 171260209
369 540488245
370 825831481
371 892811314
372 842336823
373 959979576
374 842347314
375 171389240
376 540619317
377 859385913
378 825635889
379 859114039
380 808984624
381 808792121
382 171324977
383 540095285
384 858928184
385 942684212
386 859114041
387 925966386
388 842608945
389 170932280
390 540226357
391 875574325
392 909261112
393 859114039
394 876093492
395 808792370
396 171456057
397 540357429
398 842609976
399 825308725
400 859114035
401 809050166
402 875639609
403 170996022
404 540488501
405 808859448
406 959722297
407 859114038
408 959979576
409 825570098
410 171323952
411 540619573
412 825308977
413 959656761
414 875891257
415 875896880
416 808597040
417 171520819
418 540095541
419 842608697
420 859322677
421 875891250
422 892936242
423 943208249
424 170932272
425 540226613
426 808858169
427 842543417
428 875891254
429 892936244
430 959920441
431 171456053
432 540357685
433 892482616
434 925971508
435 875891256
436 925966390
437 842608945
438 170930998
439 540488757
440 808465461
441 808662585
442 875891255
443 808984632
444 825439544
445 170997303
446 540619829
447 842150968
448 960050481
449 892668464
450 842604592
451 825831478
452 171258424
453 540095797
454 943011640
455 943207993
456 892668466
457 959979570
458 808728882
459 171324211
460 540226869
461 858863409
462 942946616
463 892668472
464 875896884
465 926036528
466 171521843
467 540357941
468 959788856
469 858797878
470 892668467
471 842604598
472 875967286
473 171520567
474 540489013
475 808858169
476 859320633
477 892668465
478 808984632
479 876099896
480 171455030
481 540620085
482 926496057
483 825309496
484 909445682
485 925966384
486 942813489
487 170996273
488 540096053
489 858797109
490 892614709
491 909445681
492 876093490
493 808792370
494 171456057
495 540227125
496 808859448
497 842216243
498 909445688
499 842604596
500 825831478
501 171127608
502 540358197
503 909259832
504 959788080
505 909445688
506 809050166
507 858928441
508 171128114
509 540489269
510 858863409
511 959722802
512 909445681
513 875896888
514 959984688
515 171127349
516 540620341
517 943010360
518 909586995
519 926222896
520 892936240
521 842609977
522 170931767
523 540096309
524 808858169
525 859320633
526 926222897
527 842604594
528 909523253
529 171063603
530 540227381
531 875705400
532 942682673
533 926222897
534 925966388
535 825374001
536 171258936
537 540358453
538 909128757
539 959787058
540 926222901
541 876093494
542 959524914
543 171129144
544 540489525
545 876164409
546 825831478
547 926222900
548 876159032
549 959854642
550 171521072
551 540620597
552 875967033
553 858862898
554 943000118
555 926425136
556 858992694
557 171127603
558 540096565
559 842086193
560 825505845
561 943000121
562 875896882
563 909717552
564 171128373
565 540227637
566 909259832
567 926497072
568 943000118
569 892870708
570 809054521
571 171389752
572 540358709
573 942814265
574 875575606
575 943000114
576 926425142
577 859385910
578 170932532
579 540489781
580 858929464
581 842019125
582 943000118
583 925966392
584 943010353
585 171258681
586 540620853
587 842019893
588 859191090
589 959777333
590 959979568
591 959920441
592 171456053
593 540096821
594 960050489
595 875835442
596 959777329
597 2105394
598 12072214
599 12002024
600 11942434
601 11879804
602 481
603 0
604 1638291384
605 11052
606 1638291384
607 11052
608 11441568
609 11388982
610 11322804
611 11264640
612 11208394
613 11125344
614 11058454
615 10995906
616 10924184
617 10846916
618 10776998
619 10710708
620 10632950
621 10578248
622 10501698
623 10426732
624 10357770
625 10281688
626 10215854
627 10126868
628 10039248
629 9967134
630 9890024
631 9823512
632 9757104
633 9668932
634 9609642
635 9524486
636 9457100
637 9379602
638 9298578
639 9228770
640 9137076
641 9065678
642 8979440
643 8908556
644 8836878
645 8736664
646 8668294
647 8583718
648 8508790
649 8422016
650 8333730
651 8255046
652 8173752
653 8090038
654 8001278
655 7920642
656 7828166
657 7743158
658 7654644
659 7579986
660 7486248
661 7394644
662 7307286
663 7215440
664 7127784
665 7048888
666 6944374
667 6853950
668 6758920
669 6666460
670 6558442
671 6460682
672 6361352
673 6256612
674 6158974
675 6051736
676 5949008
677 5845884
678 5744614
679 5641304
680 5542400
681 5435804
682 5325696
683 5218794
684 5108004
685 5003962
686 4896916
687 4797152
688 4686036
689 4571932
690 4458586
691 4357366
692 4234480
693 4117156
694 4008456
695 3890506
696 3778596
697 3663562
698 3537582
699 3401832
700 3275422
701 3140140
702 3003376
703 2877762
704 2745820
705 2601180
706 2460940
707 2301698
708 2153834
709 2001214
710 1847028
711 1690684
712 1525332
713 1358232
714 1177602
715 993774
716 801084
717 598724
718 381754
719 141244
