0 959854384
1 892416522
2 909261088
3 876099634
4 839528500
5 941635121
6 942944825
7 909194803
8 925970954
9 859060512
10 943271984
11 839529780
12 958412849
13 859190832
14 875836984
15 959525386
16 909261088
17 825569844
18 839529524
19 941633586
20 842019380
21 859255089
22 825373194
23 825700640
24 926233908
25 839529529
26 941634098
27 808661305
28 909390388
29 858927626
30 959461664
31 842217777
32 839530550
33 941634610
34 892416564
35 909193777
36 892482058
37 808727840
38 925905712
39 839528499
40 941635122
41 892352816
42 875967028
43 926036490
44 959461664
45 943273266
46 839530802
47 941635634
48 959853874
49 909588016
50 959590922
51 959789344
52 809056311
53 839530552
54 941633587
55 959920176
56 892483122
57 825438730
58 858929440
59 943010100
60 839528502
61 941634099
62 926429753
63 909129520
64 858993162
65 892483872
66 926037817
67 839529017
68 824194099
69 909127991
70 943075378
71 892547594
72 943012128
73 892416308
74 839529783
75 958412339
76 959658288
77 825766194
78 926102026
79 892811296
80 808990265
81 839530804
82 891303987
83 959590452
84 876034098
85 959656458
86 909261088
87 842609204
88 839528500
89 941633588
90 808793394
91 892483636
92 825504266
93 842610720
94 892942647
95 839529268
96 958411316
97 892746037
98 909193272
99 859058698
100 909261088
101 926495284
102 839530804
103 958411828
104 825504562
105 959591990
106 892613130
107 959789344
108 892942137
109 839529527
110 958412340
111 842217776
112 842282550
113 926167562
114 825700640
115 858994993
116 839529529
117 958412852
118 859189556
119 859321141
120 959721994
121 842283296
122 909260854
123 839530039
124 941633589
125 825373236
126 825242934
127 825569802
128 808727840
129 808793397
130 839530545
131 958411317
132 909392181
133 959852849
134 859124234
135 842283296
136 859059257
137 839530288
138 958411829
139 809056565
140 942683192
141 892678666
142 892483616
143 808857653
144 839528504
145 958412341
146 876163636
147 943140917
148 926233098
149 808728864
150 858994993
151 839529523
152 958412853
153 842282546
154 909324597
155 959787530
156 842283040
157 875901234
158 839530551
159 824193078
160 842346807
161 959984945
162 825635338
163 943012128
164 808530228
165 839529526
166 941634102
167 859125808
168 909129009
169 859189770
170 859060512
171 825307440
172 839528754
173 891302966
174 909193268
175 943009842
176 892744202
177 892811296
178 859060021
179 839529778
180 958412342
181 842348848
182 943010865
183 926298634
184 959789088
185 909127987
186 839530036
187 941635638
188 825766457
189 909718065
190 959853066
191 959461664
192 959459893
193 839528757
194 958410807
195 959524916
196 808466481
197 825700874
198 842283040
199 892612662
200 839530041
201 958411319
202 959789365
203 943141937
204 859255306
205 825700640
206 892483120
207 839529272
208 958411831
209 825505845
210 943206450
211 892809738
212 842283040
213 875573808
214 839529008
215 958412343
216 943274293
217 842543412
218 926364170
219 808727840
220 842281524
221 839529008
222 941635639
223 909522992
224 859254834
225 959918602
226 842283040
227 959723568
228 839529265
229 958410808
230 825505330
231 842085689
232 825766410
233 842283296
234 825505846
235 839529017
236 941634104
237 909654069
238 943010099
239 859320842
240 808728864
241 925972785
242 839529017
243 941634616
244 825440565
245 808989238
246 892875274
247 942684192
248 858928694
249 839530802
250 824194616
251 892612919
252 808989237
253 926429706
254 825506080
255 943010614
256 839530041
257 941635640
258 842086709
259 909586996
260 959984138
261 892811296
262 892745273
263 839528754
264 891301945
265 858796084
266 842281521
267 825831946
268 943011872
269 876163641
270 839529526
271 958411321
272 825833781
273 959984440
274 859386378
275 892483616
276 925971000
277 839528757
278 941634617
279 808924466
280 808728112
281 892940810
282 959789344
283 959723577
284 839530036
285 958412345
286 926496309
287 926168368
288 926495242
289 909588512
290 809055537
291 839530034
292 941635641
293 875901497
294 926234168
295 960049674
296 808923424
297 892482361
298 856307251
299 958410800
300 825505845
301 171258936
302 540094515
303 842086193
304 859387957
305 808651318
306 875896882
307 876163120
308 171258165
309 540225587
310 808596536
311 959526456
312 808651315
313 892870708
314 926430009
315 171390265
316 540356659
317 909652024
318 825438517
319 808651320
320 926425142
321 909719605
322 171063352
323 540487731
324 825636664
325 842085174
326 808651312
327 925966392
328 943010353
329 171259441
330 540618803
331 842019893
332 943011122
333 825428535
334 808984624
335 909718840
336 171324213
337 540094771
338 892941625
339 892614194
340 825428534
341 808984626
342 825570872
343 171258163
344 540225843
345 942815544
346 808923191
347 825428536
348 842604596
349 808662070
350 171520048
351 540356915
352 858863409
353 909258809
354 825428533
355 875896886
356 909456176
357 171521334
358 540487987
359 909717561
360 842019381
361 825428532
362 842539064
363 942879797
364 171389237
365 540619059
366 909652024
367 842215733
368 842205744
369 842604592
370 892482614
371 171062321
372 540095027
373 926494777
374 808859953
375 842205749
376 925966386
377 859189297
378 171062579
379 540226099
380 875574325
381 859256632
382 842205745
383 842539060
384 909325877
385 171193910
386 540357171
387 808596536
388 925971768
389 842205748
390 808984630
391 825570872
392 171061555
393 540488243
394 959787577
395 959657526
396 842205746
397 876159032
398 808529971
399 171128115
400 540619315
401 842086193
402 875837749
403 858982961
404 875896880
405 942749232
406 171126840
407 540095283
408 808596536
409 959985969
410 858982963
411 876159026
412 825307187
413 171061809
414 540226355
415 875901496
416 859125810
417 858982965
418 808984628
419 876099896
420 171192886
421 540357427
422 926494777
423 876099633
424 858982960
425 925966390
426 875705137
427 171127090
428 540488499
429 808465461
430 926364729
431 858982961
432 959979576
433 825506098
434 171258422
435 540619571
436 909261112
437 959525937
438 875760180
439 842539056
440 942814261
441 171193141
442 540095539
443 959983672
444 842413112
445 875760182
446 842539058
447 808924469
448 171063096
449 540226611
450 842086193
451 909195317
452 875760179
453 875896884
454 892482096
455 171127864
456 540357683
457 942814265
458 875902257
459 875760180
460 808984630
461 858929464
462 170998065
463 540488755
464 875901496
465 859125810
466 875760182
467 876093496
468 875574834
469 171325749
470 540619827
471 909652024
472 925905462
473 892537392
474 925966384
475 808596785
476 171455536
477 540095795
478 858797109
479 825833013
480 892537397
481 892870706
482 859191352
483 171520052
484 540226867
485 842608697
486 808990773
487 892537401
488 842539060
489 942814261
490 171127605
491 540357939
492 943011640
493 943207993
494 892537398
495 809050166
496 909456441
497 171325233
498 540489011
499 892417841
500 858992946
501 892537396
502 875896888
503 926430256
504 171391033
505 540620083
506 926494777
507 909457201
508 909314609
509 876093488
510 959524914
511 170997811
512 540096051
513 875901496
514 859125810
515 909314610
516 876093490
517 959657266
518 171193904
519 540227123
520 942814265
521 959920439
522 909314615
523 925966388
524 959984433
525 171389746
526 540358195
527 909128757
528 892352817
529 909314617
530 809050166
531 842348089
532 171192880
533 540489267
534 842150968
535 859256113
536 909314611
537 876093496
538 892351026
539 171193399
540 540620339
541 909259832
542 959788080
543 926091826
544 959979568
545 842544178
546 171192630
547 540096307
548 808531761
549 842215990
550 926091825
551 875896882
552 892940336
553 171389488
554 540227379
555 875967033
556 926364729
557 926091831
558 808984628
559 959789112
560 171128121
561 540358451
562 842150968
563 876033328
564 926091833
565 842604598
566 909523253
567 171325491
568 540489523
569 825832760
570 959592760
571 926091831
572 925966392
573 842412081
574 171521845
575 540620595
576 842019893
577 959460914
578 942869049
579 926425136
580 876033333
581 171258419
582 540096563
583 842609976
584 859190837
585 942869042
586 876093490
587 892351026
588 171258935
589 540227635
590 892482616
591 909130035
592 942869040
593 809050164
594 892482361
595 171390776
596 540358707
597 825308977
598 825832249
599 942869040
600 875896886
601 926233392
602 170997553
603 540489779
604 892874808
605 859125305
606 942869046
607 842604600
608 825702709
609 171456055
610 540620851
611 842150968
612 876033328
613 959646264
614 808984624
615 876099896
616 170930998
617 540096819
618 892678712
619 926429239
620 959646258
621 925966386
622 825634865
623 171259189
624 540227891
625 875574325
626 875706424
627 959646259
628 892936244
629 926431033
630 171390773
631 540358963
632 909718841
633 842348341
634 959646262
635 876093494
636 892351026
637 171324471
638 540490035
639 825636664
640 858798389
641 959646258
642 808984632
643 959591736
644 170997561
645 540621107
646 825308977
647 825309234
648 808716853
649 875896880
650 959526448
651 171258163
652 540094516
653 808596536
654 959526456
655 808716851
656 926425138
657 926103605
658 171521079
659 540225588
660 959984952
661 909718072
662 808716849
663 926425140
664 909719605
665 170932280
666 540356660
667 926037049
668 858929460
669 808716850
670 925966390
671 909259057
672 170931256
673 540487732
674 808465461
675 942814521
676 808716851
677 808984632
678 909718840
679 171324213
680 540618804
681 960050489
682 909718840
683 825494073
684 892870704
685 842545464
686 171128377
687 540094772
688 825636664
689 842021173
690 825494070
691 842539058
692 925905717
693 171391025
694 540225844
695 808531761
696 808988982
697 825494073
698 875896884
699 909259312
700 171259187
701 540356916
702 959788856
703 959721776
704 825494070
705 892870710
706 892481849
707 170930488
708 540487988
709 959984952
710 909718072
711 825494069
712 808984632
713 876099896
714 171455030
715 540619060
716 808859448
717 959985977
718 842271286
719 925966384
