0 1638277168
1 926038067
2 943075639
3 958411018
4 858797618
5 926298168
6 958411274
7 925905716
8 959657525
9 958411530
10 825505845
11 942747697
12 941634570
13 959920181
14 942749239
15 958412042
16 959591986
17 943075640
18 958412298
19 825505845
20 876032561
21 958412554
22 809055538
23 909195061
24 958412810
25 892746037
26 892482871
27 958413066
28 825505845
29 808662321
30 540029194
31 892678712
32 876098864
33 825297461
34 842283296
35 909587511
36 822753081
37 876159026
38 875771441
39 170932021
40 958411569
41 842610997
42 825766192
43 540291338
44 926037049
45 858929460
46 892406329
47 943012128
48 808595764
49 822751796
50 892936246
51 825832761
52 171325497
53 958412593
54 925905716
55 808728117
56 540553482
57 876098873
58 959590961
59 959515192
60 892483616
61 943009845
62 839529780
63 926425136
64 842215478
65 170997301
66 958411058
67 825505845
68 875902258
69 540160522
70 809054264
71 859125045
72 858917432
73 959461664
74 808794417
75 839528758
76 892936244
77 842085432
78 170930488
79 941634866
80 876032569
81 926101558
82 540422666
83 875706680
84 926429752
85 926026289
86 943012128
87 808661300
88 839530038
89 842539064
90 892351797
91 171258936
92 941635890
93 909522992
94 825373490
95 540029706
96 808465461
97 959527218
98 825428532
99 842610720
100 926431030
101 856306225
102 926425138
103 943271990
104 171193912
105 941634355
106 959591730
107 825635895
108 540291850
109 842150968
110 959591224
111 892537398
112 959461664
113 892811317
114 856305969
115 842539062
116 859125554
117 170997808
118 941635379
119 892417591
120 909258809
121 540553994
122 926234424
123 875835703
124 959646257
125 808923424
126 808596281
127 873083186
128 892936240
129 825308216
130 171521589
131 941633844
132 825635380
133 926497072
134 540161034
135 926233144
136 959526454
137 859048498
138 808727840
139 858863922
140 873084979
141 842604596
142 926101558
143 171521072
144 941634868
145 842610741
146 808858681
147 540423178
148 875706680
149 842217008
150 926157369
151 859060512
152 825372976
153 873084978
154 808984632
155 892941624
156 171193911
157 941635892
158 892809778
159 909719345
160 540030218
161 959592760
162 875705907
163 825559606
164 892483616
165 926036792
166 889860406
167 925966386
168 892482353
169 171391284
170 958411573
171 825505845
172 859387186
173 540292362
174 959787577
175 825701680
176 892668470
177 942684192
178 825766455
179 889861937
180 875896886
181 859125040
182 171063348
183 941635381
184 959460919
185 859256888
186 540554506
187 892941625
188 909717561
189 959777329
190 959789344
191 825569589
192 906637881
193 959979568
194 859321394
195 171323702
196 958411062
197 808465204
198 892614713
199 540161546
200 892941112
201 943143218
202 859179568
203 909261088
204 825569844
205 906638899
206 876093492
207 892416562
208 171456308
209 824194358
210 960049207
211 825242423
212 540423690
213 876098873
214 892350769
215 926288440
216 892483616
217 943009845
218 906638644
219 926425144
220 842021173
221 171455794
222 891304246
223 909193268
224 842151216
225 540030730
226 809054264
227 909259829
228 825690676
229 959789088
230 808792625
231 923415860
232 892870706
233 925972792
234 171062068
235 958411575
236 909392181
237 875968049
238 540292874
239 926429240
240 825504825
241 892799543
242 959658016
243 926429749
244 923416629
245 959979574
246 909326642
247 171193394
248 941635383
249 942682676
250 842216501
251 540555018
252 959461169
253 942944307
254 959908408
255 825506080
256 942945078
257 940193334
258 926425136
259 842215478
260 171521589
261 958411064
262 808531506
263 943011121
264 540162058
265 875574325
266 909521458
267 859310646
268 892811296
269 909520951
270 940191800
271 842604596
272 959591478
273 171062583
274 958412088
275 842020402
276 959984182
277 540424202
278 808662073
279 842084913
280 926419512
281 942684192
282 858863158
283 940191792
284 859316280
285 808662329
286 171455280
287 941635896
288 859124276
289 875966521
290 540031242
291 858929464
292 959918389
293 825821751
294 825700640
295 959984946
296 956970547
297 876159026
298 892548657
299 170932536
300 958411577
301 842348848
302 842610994
303 540293386
304 859124280
305 959722295
306 892930608
307 808727840
308 926495280
309 956970544
310 808984630
311 892744760
312 170997300
313 958412601
314 842348853
315 942748215
316 540555530
317 875901496
318 859125810
319 960039474
320 842283040
321 925905206
322 822751282
323 958410800
324 859059762
325 808661041
326 825241866
327 909457440
328 842412083
329 822752562
330 958411312
331 842282546
332 942879029
333 858796298
334 859060512
335 959526706
336 822751289
337 824194096
338 959525175
339 842086707
340 892350730
341 825506080
342 859058998
343 822752565
344 958412336
345 959789365
346 808662833
347 925905162
348 892483616
349 943010614
350 822752569
351 891303984
352 959590452
353 808794161
354 959459594
355 842283040
356 959460657
357 822753334
358 958410801
359 959789365
360 875704881
361 825307402
362 842610720
363 859255605
364 822753337
365 958411313
366 909392181
367 875968049
368 858861834
369 842610720
370 858861880
371 822753073
372 941634609
373 808662581
374 959854901
375 892416266
376 842283040
377 809055029
378 822751798
379 941635121
380 842086709
381 875902261
382 925970698
383 808923424
384 943143225
385 822753328
386 958412849
387 859189556
388 959918901
389 959525130
390 842610720
391 892809524
392 822751545
393 958410802
394 892483888
395 959461432
396 825372938
397 808727840
398 959657269
399 822752313
400 958411314
401 858928690
402 875705396
403 858927370
404 892811296
405 926233400
406 822752048
407 958411826
408 875968821
409 926233142
410 892481802
411 942684192
412 875770425
413 822752306
414 941635122
415 959789104
416 825766454
417 926036234
418 859256864
419 825440304
420 822752824
421 941635634
422 859386425
423 808727094
424 959590666
425 892483616
426 842543155
427 822752817
428 824193075
429 842346807
430 959984945
431 825438474
432 825506080
433 942879542
434 822752308
435 941634099
436 859190578
437 808989493
438 858992906
439 909261088
440 808925492
441 822751799
442 891302963
443 909193268
444 875769905
445 892547338
446 909261088
447 825439026
448 822752308
449 958412339
450 842348853
451 875902006
452 926101770
453 959789088
454 876098608
455 822753337
456 941635635
457 842479664
458 808728631
459 959656202
460 943011872
461 959657528
462 822751794
463 941633588
464 942682935
465 959920436
466 825504010
467 842283040
468 892612662
469 822752825
470 958411316
471 808531506
472 943011121
473 859058442
474 825700640
475 808530485
476 822751799
477 958411828
478 859189556
479 943077428
480 892612874
481 842283040
482 925905206
483 822751540
484 941635124
485 892876848
486 825767480
487 926167306
488 808727840
489 825438772
490 822753335
491 941635636
492 808924471
493 808990262
494 959721738
495 842283040
496 808923442
497 822753328
498 958410805
499 892417586
500 959853367
501 825569546
502 959789088
503 892352048
504 822751793
505 941634101
506 926102834
507 909588786
508 859123978
509 859256864
510 959723568
511 822753335
512 941634613
513 943274032
514 842217012
515 892678410
516 842610720
517 909194297
518 822752306
519 824194613
520 959525175
521 825309491
522 926232842
523 825506080
524 943010614
525 822751801
526 941635637
527 808989241
528 943142713
529 959787274
530 959461664
531 859386167
532 822752564
533 891301942
534 858796084
535 942748208
536 825635082
537 959789344
538 926038325
539 822751286
540 941634102
541 808924471
542 925907253
543 859189514
544 892483616
545 909718837
546 822752816
547 941634614
548 942944825
549 909194803
550 892743946
551 909261088
552 926298928
553 822751801
554 941635126
555 909654328
556 909128752
557 926298378
558 892483872
559 859190841
560 822752824
561 941635638
562 942944825
563 859124530
564 959852810
565 825700640
566 842086707
567 822752312
568 958410807
569 825505845
570 859256113
571 825700618
572 892483616
573 943009845
574 822752564
575 941634103
576 942881077
577 909652279
578 859255050
579 808727840
580 858929458
581 822751798
582 958411831
583 943143221
584 926364983
585 892809482
586 892483616
587 909193271
588 822751288
589 941635127
590 909521465
591 808924216
592 926363914
593 842283296
594 825505846
595 822751801
596 941635639
597 909587762
598 892679222
599 959918346
600 959985696
601 959526456
602 822753075
603 941633592
604 959984951
605 909654070
606 825766154
607 959789088
608 808792625
609 822751284
610 824193592
611 909127991
612 942945075
613 859320586
614 825506080
615 859124534
616 822751544
617 958411832
618 909392181
619 959527216
620 892875018
621 959789088
622 943076658
623 822753336
624 891303480
625 892678196
626 909129012
627 926429450
628 842610720
629 909194297
630 822752562
631 958412856
632 825702704
633 825636151
634 959983882
635 959789344
636 859256631
637 822753586
638 958410809
639 943143221
640 875836217
641 825831690
642 892483616
643 892941877
644 822753592
645 958411321
646 859190832
647 825767991
648 859386122
649 959789344
650 892942137
651 822753334
652 941634617
653 842217781
654 876163889
655 892940554
656 825700640
657 926102067
658 822751792
659 958412345
660 825505845
661 842412081
662 926494986
663 942684192
664 842348084
665 822752304
666 941635641
667 825635385
668 858863412
669 960049418
670 808727840
671 892417585
672 839530036
673 941633584
674 876163641
675 842084657
676 825242122
677 859060512
678 842216497
679 839530545
680 941634096
681 925972789
682 943076665
683 858796554
684 959461664
685 808531506
686 839530552
687 941634608
688 909456690
689 875837497
690 892350986
691 909130016
692 943207222
693 839530809
694 941635120
695 959460919
696 842609715
697 925905418
698 842610720
699 892743988
700 839529014
701 824195120
702 892612919
703 942682934
704 959459850
705 875706400
706 859060529
707 839530549
708 958410801
709 875573302
710 925905465
711 825307658
712 892483616
713 875705394
714 839529266
715 891302449
716 842281012
717 809055795
718 858862090
719 909588512
