0 54020
1 161691
2 269831
3 375882
4 479931
5 585189
6 687664
7 789663
8 896644
9 997793
10 1094539
11 1195567
12 1289380
13 1385106
14 1481995
15 1579847
16 1671854
17 1768140
18 1860339
19 1946618
20 2039344
21 2132087
22 2222810
23 2307766
24 2396800
25 2476644
26 2557392
27 2641559
28 2731377
29 2810251
30 2900064
31 2983673
32 3070681
33 3153392
34 3240208
35 3323674
36 3411045
37 3500182
38 3581028
39 3664606
40 3739491
41 3820474
42 3893789
43 3973520
44 4047148
45 4130158
46 4203597
47 4285360
48 4368086
49 4444743
50 4524538
51 4596388
52 4673341
53 4738234
54 4810244
55 4889862
56 4964490
57 5034787
58 5114893
59 5183786
60 5254717
61 5323150
62 5388449
63 5451699
64 5530611
65 5598776
66 5665855
67 5733167
68 5790105
69 5861384
70 5927934
71 5996468
72 6057329
73 6122256
74 6187779
75 6245713
76 6306585
77 6373265
78 6427723
79 6478132
80 6522077
81 6554705
82 6595613
83 6628721
84 6663996
85 6704997
86 6749041
87 6802587
88 6838908
89 6882507
90 6912841
91 6946969
92 6961137
93 6979755
94 6997338
95 6984456
96 6955466
97 6912748
98 6877422
99 6830728
100 6797189
101 6785621
102 6756486
103 6757464
104 6765023
105 6757299
106 6749988
107 6738157
108 6707754
109 6679712
110 6618630
111 6586260
112 6563401
113 6546902
114 6526855
115 6533532
116 6534272
117 6536132
118 6534961
119 6540883
120 6535363
121 6509399
122 6500225
123 6506340
124 6503866
125 6498583
126 6489662
127 6495697
128 6512138
129 6516881
130 6522356
131 6519778
132 6518974
133 6533647
134 6557091
135 6571860
136 6574767
137 6595510
138 6598442
139 6610821
140 6610913
141 6608750
142 6609040
143 6615720
144 6602789
145 6596492
146 6572063
147 6548087
148 6539059
149 6527249
150 6526431
151 6511122
152 6502431
153 6478610
154 6465482
155 6434885
156 6407697
157 6400417
158 6410565
159 6384254
160 6360922
161 6328475
162 6302170
163 6271089
164 6245935
165 6222352
166 6188786
167 6152867
168 6092549
169 6041760
170 5996775
171 5950220
172 5908266
173 5882597
174 5864224
175 5848458
176 5812223
177 5789627
178 5771374
179 5749947
180 5730864
181 5706190
182 5677238
183 5659694
184 5638559
185 5625536
186 5623733
187 5608541
188 5590386
189 5572270
190 5555528
191 5532557
192 5516287
193 5490461
194 5470952
195 5433306
196 5387433
197 5350326
198 5289634
199 5241892
200 5203703
201 5173352
202 5155749
203 5114210
204 5074415
205 5032288
206 5013902
207 4984410
208 4957245
209 4939051
210 4914043
211 4892457
212 4859670
213 4834914
214 4805013
215 4781385
216 4760355
217 4731418
218 4695918
219 4650963
220 4616753
221 4588022
222 4567221
223 4540192
224 4521105
225 4492049
226 4471100
227 4456100
228 4443280
229 4419974
230 4385956
231 4342888
232 4288840
233 4227086
234 4153966
235 4071312
236 3995395
237 3908523
238 3846780
239 3799098
240 3756818
241 3695836
242 3644541
243 3601364
244 3571965
245 3544134
246 3512784
247 3478253
248 3441974
249 3402257
250 3366653
251 3333315
252 3299824
253 3253958
254 3216232
255 3174906
256 3141177
257 3100923
258 3066542
259 3027726
260 2993147
261 2948378
262 2905369
263 2854185
264 2804411
265 2767568
266 2722243
267 2666972
268 2604638
269 2541849
270 2491840
271 2445082
272 2405351
273 2362826
274 2323249
275 2279868
276 2236976
277 2189146
278 2108625
279 2007028
280 1943896
281 1884720
282 1834486
283 1781954
284 1731182
285 1679537
286 1639927
287 1591575
288 1548902
289 1516556
290 1484320
291 1444240
292 1401016
293 1361191
294 1321932
295 1277384
296 1236652
297 1199684
298 1162843
299 1124581
300 1084310
301 1054129
302 1016602
303 988476
304 966991
305 945773
306 922347
307 903619
308 887925
309 864311
310 843928
311 826110
312 800992
313 776284
314 754008
315 728726
316 701548
317 668789
318 653895
319 642009
320 632677
321 624066
322 614626
323 607106
324 596281
325 588153
326 587178
327 587362
328 585230
329 577316
330 556674
331 519059
332 500046
333 474855
334 453103
335 425891
336 399399
337 370537
338 335115
339 294590
340 268735
341 248345
342 236749
343 223487
344 210584
345 198357
346 180188
347 170824
348 160000
349 151370
350 144038
351 132293
352 122168
353 112728
354 94372
355 76278
356 57062
357 33982
358 15487
359 3419
360 0
361 0
362 0
363 0
364 0
365 0
366 0
367 0
368 0
369 0
370 0
371 0
372 0
373 0
374 0
375 0
376 0
377 0
378 0
379 0
380 0
381 0
382 0
383 0
384 0
385 0
386 0
387 0
388 0
389 0
390 0
391 0
392 0
393 0
394 0
395 0
396 0
397 0
398 0
399 0
400 0
401 0
402 0
403 0
404 0
405 0
406 0
407 0
408 0
409 0
410 0
411 0
412 0
413 0
414 0
415 0
416 0
417 0
418 0
419 0
420 0
421 0
422 0
423 0
424 0
425 0
426 0
427 0
428 0
429 0
430 0
431 0
432 0
433 0
434 0
435 0
436 0
437 0
438 0
439 0
440 0
441 0
442 0
443 0
444 0
445 0
446 0
447 0
448 0
449 0
450 0
451 0
452 0
453 0
454 0
455 0
456 0
457 0
458 0
459 0
460 0
461 0
462 0
463 0
464 0
465 0
466 0
467 0
468 0
469 0
470 0
471 0
472 0
473 0
474 0
475 0
476 0
477 0
478 0
479 0
480 0
481 0
482 0
483 0
484 0
485 0
486 0
487 0
488 0
489 0
490 0
491 0
492 0
493 0
494 0
495 0
496 0
497 0
498 0
499 0
500 0
501 0
502 0
503 0
504 0
505 0
506 0
507 0
508 0
509 0
510 0
511 0
512 0
513 0
514 0
515 0
516 0
517 0
518 0
519 0
520 0
521 0
522 0
523 0
524 0
525 0
526 0
527 0
528 0
529 0
530 0
531 0
532 0
533 0
534 0
535 0
536 0
537 0
538 0
539 0
540 0
541 0
542 0
543 0
544 0
545 0
546 0
547 0
548 0
549 0
550 0
551 0
552 0
553 0
554 0
555 0
556 0
557 0
558 0
559 0
560 0
561 0
562 0
563 0
564 0
565 0
566 0
567 0
568 0
569 0
570 0
571 0
572 0
573 0
574 0
575 0
576 0
577 0
578 0
579 0
580 0
581 0
582 0
583 0
584 0
585 0
586 0
587 0
588 0
589 0
590 0
591 0
592 0
593 0
594 0
595 0
596 0
597 0
598 0
599 0
600 0
601 0
602 0
603 0
604 0
605 0
606 0
607 0
608 0
609 0
610 0
611 0
612 0
613 0
614 0
615 0
616 0
617 0
618 0
619 0
620 0
621 0
622 0
623 0
624 0
625 0
626 0
627 0
628 0
629 0
630 0
631 0
632 0
633 0
634 0
635 0
636 0
637 0
638 0
639 0
640 0
641 0
642 0
643 0
644 0
645 0
646 0
647 0
648 0
649 0
650 0
651 0
652 0
653 0
654 0
655 0
656 0
657 0
658 0
659 0
660 0
661 0
662 0
663 0
664 0
665 0
666 0
667 0
668 0
669 0
670 0
671 0
672 0
673 0
674 0
675 0
676 0
677 0
678 0
679 0
680 0
681 0
682 0
683 0
684 0
685 0
686 0
687 0
688 0
689 0
690 0
691 0
692 0
693 0
694 0
695 0
696 0
697 0
698 0
699 0
700 0
701 0
702 0
703 0
704 0
705 0
706 0
707 0
708 0
709 0
710 0
711 0
712 0
713 0
714 0
715 0
716 0
717 0
718 0
719 0
