0 -851914876
1 858550
2 1376790
3 1868838
4 2353502
5 2824436
6 3261779
7 3684124
8 4138110
9 4571584
10 4945423
11 5370977
12 5808278
13 6251647
14 6640142
15 6895230
16 7195021
17 7492198
18 7915526
19 8407203
20 8896521
21 9264572
22 9521048
23 9852164
24 10235518
25 10585990
26 10852745
27 11273367
28 11690454
29 12111152
30 12202326
31 12567330
32 12870843
33 13022025
34 13079306
35 13454084
36 13780945
37 14069862
38 14433256
39 14781440
40 15179525
41 15620973
42 16223959
43 16650195
44 16674069
45 16910964
46 17103763
47 17408885
48 17531807
49 17723205
50 18021126
51 18389962
52 18671408
53 19069268
54 19461152
55 19920688
56 20322355
57 20857744
58 21383237
59 21725932
60 21928950
61 21983487
62 21999957
63 22154344
64 22346702
65 22389234
66 22837427
67 23007628
68 23044125
69 22986354
70 23213101
71 23777021
72 23996234
73 23956171
74 24108998
75 24464259
76 24848266
77 25066762
78 25254524
79 25398496
80 25494319
81 25725467
82 25418966
83 25536832
84 25844082
85 26254436
86 26510368
87 26528788
88 26690149
89 26866727
90 26916142
91 26950083
92 26799119
93 26398114
94 26517826
95 26389103
96 26597988
97 26948426
98 27014710
99 27161052
100 27468186
101 27578159
102 27543299
103 27529598
104 27673214
105 27870583
106 28101671
107 27949041
108 28175445
109 28618841
110 29144491
111 29510630
112 29682345
113 30104281
114 30564354
115 31191327
116 31403221
117 31689760
118 32124831
119 31756138
120 31877552
121 32603843
122 33141476
123 33451598
124 33225158
125 33293300
126 33071070
127 32610579
128 32597508
129 32009682
130 31667765
131 31134924
132 31511808
133 31844820
134 32037343
135 31598950
136 31659184
137 32310328
138 32646916
139 33350717
140 33590315
141 33394168
142 33549269
143 33813514
144 33882431
145 34227308
146 34316320
147 34371692
148 34174162
149 34714822
150 34638437
151 34362056
152 34634794
153 35038486
154 35400483
155 35834708
156 35617737
157 34827344
158 34956182
159 35443591
160 35499868
161 35602898
162 34702081
163 34070578
164 33971043
165 33658277
166 33549399
167 33021240
168 32724635
169 32709237
170 32094853
171 31977975
172 31991314
173 31589314
174 31823197
175 31892774
176 32062890
177 31897179
178 31841318
179 31230083
180 30875584
181 31037351
182 31179443
183 30778462
184 30196787
185 29842850
186 30228166
187 30425188
188 30737632
189 30790700
190 30264523
191 30359385
192 29509892
193 28984334
194 28227149
195 27450753
196 27117947
197 27041970
198 26748562
199 26785157
200 27042411
201 26106758
202 25354264
203 25611459
204 26013403
205 25398579
206 24787686
207 24652022
208 24843666
209 24517109
210 24540052
211 24604911
212 24687412
213 24098593
214 23180270
215 22568073
216 21964354
217 21501749
218 21434097
219 21167244
220 21231468
221 21189669
222 21275674
223 21712914
224 21819524
225 21674056
226 22052952
227 22171237
228 22211665
229 22253635
230 22526499
231 22582888
232 22617782
233 22784697
234 22896196
235 23053001
236 23190115
237 23179456
238 24047073
239 22976225
240 22464137
241 22337993
242 22023308
243 21977470
244 21742435
245 21922482
246 22284940
247 22024713
248 21779165
249 21822187
250 20549245
251 20107532
252 19850018
253 19140245
254 18420689
255 17790459
256 17586409
257 17615232
258 17000607
259 16937784
260 17263000
261 16871990
262 15814200
263 14398799
264 12876127
265 11629182
266 10750696
267 10509342
268 9667386
269 8874090
270 7709180
271 7234855
272 6799399
273 6572052
274 6611678
275 6524374
276 6202418
277 5850215
278 5935943
279 5574811
280 4856595
281 4634200
282 4484328
283 4380359
284 4104784
285 4076287
286 4068679
287 3943066
288 3958657
289 3848217
290 3871917
291 3890099
292 3733585
293 3514473
294 3469949
295 3435998
296 3455705
297 3400754
298 3275316
299 3125798
300 3100564
301 3066217
302 2929624
303 2793811
304 2597233
305 2417204
306 2414562
307 2453582
308 2199792
309 2047047
310 2105569
311 2268803
312 2061199
313 2094494
314 2217500
315 2126156
316 2090889
317 1926068
318 1813616
319 1733498
320 1770285
321 1799465
322 1838246
323 1711312
324 1672080
325 1733461
326 1594975
327 1430131
328 1488127
329 1485670
330 1458662
331 1231126
332 1060942
333 981790
334 946422
335 958442
336 914836
337 990980
338 968830
339 855648
340 853601
341 806164
342 831518
343 871828
344 777564
345 580351
346 605959
347 612485
348 526304
349 495435
350 486703
351 488268
352 481669
353 510319
354 525272
355 520345
356 418193
357 394126
358 529590
359 999986
360 3648
361 0
362 0
363 0
364 0
365 0
366 0
367 0
368 0
369 0
370 0
371 0
372 0
373 0
374 0
375 0
376 0
377 0
378 0
379 0
380 0
381 0
382 0
383 0
384 0
385 0
386 0
387 0
388 0
389 0
390 0
391 0
392 0
393 0
394 0
395 0
396 0
397 0
398 0
399 0
400 0
401 0
402 0
403 0
404 0
405 0
406 0
407 0
408 0
409 0
410 0
411 0
412 0
413 0
414 0
415 0
416 0
417 0
418 0
419 0
420 0
421 0
422 0
423 0
424 0
425 0
426 0
427 0
428 0
429 0
430 0
431 0
432 0
433 0
434 0
435 0
436 0
437 0
438 0
439 0
440 0
441 0
442 0
443 0
444 0
445 0
446 0
447 0
448 0
449 0
450 0
451 0
452 0
453 0
454 0
455 0
456 0
457 0
458 0
459 0
460 0
461 0
462 0
463 0
464 0
465 0
466 0
467 0
468 0
469 0
470 0
471 0
472 0
473 0
474 0
475 0
476 0
477 0
478 0
479 0
480 0
481 0
482 0
483 0
484 0
485 0
486 0
487 0
488 0
489 0
490 0
491 0
492 0
493 0
494 0
495 0
496 0
497 0
498 0
499 0
500 0
501 0
502 0
503 0
504 0
505 0
506 0
507 0
508 0
509 0
510 0
511 0
512 0
513 0
514 0
515 0
516 0
517 0
518 0
519 0
520 0
521 0
522 0
523 0
524 0
525 0
526 0
527 0
528 0
529 0
530 0
531 0
532 0
533 0
534 0
535 0
536 0
537 0
538 0
539 0
540 0
541 0
542 0
543 0
544 0
545 0
546 0
547 0
548 0
549 0
550 0
551 0
552 0
553 0
554 0
555 0
556 0
557 0
558 0
559 0
560 0
561 0
562 0
563 0
564 0
565 0
566 0
567 0
568 0
569 0
570 0
571 0
572 0
573 0
574 0
575 0
576 0
577 0
578 0
579 0
580 0
581 0
582 0
583 0
584 0
585 0
586 0
587 0
588 0
589 0
590 0
591 0
592 0
593 0
594 0
595 0
596 0
597 0
598 0
599 0
600 0
601 0
602 0
603 0
604 0
605 0
606 0
607 0
608 0
609 0
610 0
611 0
612 0
613 0
614 0
615 0
616 0
617 0
618 0
619 0
620 0
621 0
622 0
623 0
624 0
625 0
626 0
627 0
628 0
629 0
630 0
631 0
632 0
633 0
634 0
635 0
636 0
637 0
638 0
639 0
640 0
641 0
642 0
643 0
644 0
645 0
646 0
647 0
648 0
649 0
650 0
651 0
652 0
653 0
654 0
655 0
656 0
657 0
658 0
659 0
660 0
661 0
662 0
663 0
664 0
665 0
666 0
667 0
668 0
669 0
670 0
671 0
672 0
673 0
674 0
675 0
676 0
677 0
678 0
679 0
680 0
681 0
682 0
683 0
684 0
685 0
686 0
687 0
688 0
689 0
690 0
691 0
692 0
693 0
694 0
695 0
696 0
697 0
698 0
699 0
700 0
701 0
702 0
703 0
704 0
705 0
706 0
707 0
708 0
709 0
710 0
711 0
712 0
713 0
714 0
715 0
716 0
717 0
718 0
719 0
