0 -1229262777
1 1181691
2 1868665
3 2488157
4 3074134
5 3668698
6 4246382
7 4822528
8 5298019
9 5804095
10 6308605
11 6772251
12 7247991
13 7682040
14 8143751
15 8632801
16 9005442
17 9460170
18 9887429
19 10270783
20 10635348
21 11085822
22 11444343
23 11866446
24 12210854
25 12604647
26 12904854
27 13262206
28 13669437
29 14018918
30 14339436
31 14674833
32 14876194
33 15253560
34 15678635
35 15892277
36 16236133
37 16549561
38 16787117
39 17018919
40 17332505
41 17631619
42 17829409
43 18219554
44 18512021
45 18739447
46 18987850
47 19202831
48 19331662
49 19784365
50 19962688
51 20129508
52 20239172
53 20551847
54 20888369
55 21013711
56 21375517
57 21560445
58 21711336
59 21950879
60 22096142
61 22114170
62 22428298
63 22714194
64 22889211
65 22984670
66 23246870
67 23323868
68 23517644
69 23565027
70 23795281
71 23889673
72 24020102
73 24245856
74 24424355
75 24581441
76 24731305
77 24797014
78 24748734
79 25076708
80 25227805
81 25431095
82 25565512
83 25814454
84 26048463
85 26111766
86 26205592
87 26239870
88 26475540
89 26438195
90 26626921
91 26778157
92 26709725
93 26749037
94 26899582
95 26892833
96 26968075
97 27111303
98 27216983
99 27413373
100 27537089
101 27487464
102 27476389
103 27464508
104 27476372
105 27659995
106 27697975
107 27883518
108 27825269
109 27962865
110 27994666
111 28265056
112 28283583
113 28265949
114 28440216
115 28631276
116 28432399
117 28404262
118 28537548
119 28476175
120 28428836
121 28542943
122 28650960
123 28662631
124 28734326
125 28789878
126 28865046
127 28814241
128 28820631
129 28671325
130 28622453
131 28670979
132 28766031
133 28614511
134 28766418
135 28734500
136 28618890
137 28659746
138 28594295
139 28481655
140 28527198
141 28531154
142 28778587
143 28684817
144 28690242
145 28550694
146 28632657
147 28620757
148 28651694
149 28808117
150 28384604
151 28448682
152 28436646
153 28382810
154 28362600
155 28237549
156 28175586
157 28072683
158 27926738
159 27895247
160 27865264
161 27817082
162 27714474
163 27656931
164 27795224
165 27445721
166 27433541
167 27418035
168 27369960
169 27314688
170 27270483
171 27129287
172 26863624
173 26799646
174 26638259
175 26673605
176 26694651
177 26381433
178 26439608
179 26474969
180 26487559
181 26197244
182 26109543
183 26178910
184 26051143
185 26047890
186 25887558
187 25601708
188 25782462
189 25666653
190 25677323
191 25540059
192 25422653
193 25320041
194 25200254
195 24934134
196 24904333
197 24969363
198 24756893
199 24789673
200 24603214
201 24390068
202 24364693
203 24248614
204 24288986
205 24234712
206 24190667
207 24044234
208 23944530
209 23745503
210 23557028
211 23340760
212 23199494
213 23148990
214 23112109
215 22991282
216 22873888
217 22821358
218 22655403
219 22566212
220 22629974
221 22501084
222 22476314
223 22277925
224 22237547
225 22172652
226 22023545
227 21678154
228 21793484
229 21741022
230 21570211
231 21529303
232 21440031
233 21074127
234 20936198
235 21033975
236 20944402
237 20556991
238 20302020
239 20291215
240 20229476
241 20212468
242 20037403
243 19840837
244 19680044
245 19428116
246 19481990
247 19426863
248 19281637
249 19214462
250 19269185
251 19179421
252 18810209
253 18752946
254 18552268
255 18414943
256 18403539
257 18384225
258 18242452
259 18087808
260 17773096
261 17879770
262 17717437
263 17576550
264 17348750
265 17181514
266 17157981
267 17163885
268 16962155
269 16844839
270 16652575
271 16498633
272 16232921
273 16076225
274 16100262
275 16149510
276 15957061
277 15982768
278 15729221
279 15611688
280 15265083
281 15104922
282 15018563
283 14816155
284 14881126
285 14518130
286 14602104
287 14560869
288 14256946
289 13925273
290 13924856
291 13858167
292 13770452
293 13486338
294 13363608
295 13282953
296 13005946
297 12882878
298 12980919
299 12764241
300 12591441
301 12358295
302 12353936
303 12405205
304 12044108
305 11963890
306 11897490
307 11924610
308 11695802
309 11532787
310 11320488
311 11134492
312 11206353
313 11037791
314 10753444
315 10600263
316 10518384
317 10300356
318 10101593
319 9856438
320 9694419
321 9604182
322 9533809
323 9338102
324 9097420
325 8931308
326 8675465
327 8521724
328 8256766
329 8100446
330 7983464
331 7816355
332 7677972
333 7509289
334 7354795
335 7276226
336 7133691
337 6796818
338 6657079
339 6641144
340 6557123
341 6365974
342 6059390
343 5862943
344 5721282
345 5576935
346 5474410
347 5285061
348 5097093
349 4991660
350 4767739
351 4511321
352 4095383
353 3979216
354 3488521
355 3310666
356 3055289
357 2654608
358 2316360
359 2408475
360 13248
361 0
362 0
363 0
364 0
365 0
366 0
367 0
368 0
369 0
370 0
371 0
372 0
373 0
374 0
375 0
376 0
377 0
378 0
379 0
380 0
381 0
382 0
383 0
384 0
385 0
386 0
387 0
388 0
389 0
390 0
391 0
392 0
393 0
394 0
395 0
396 0
397 0
398 0
399 0
400 0
401 0
402 0
403 0
404 0
405 0
406 0
407 0
408 0
409 0
410 0
411 0
412 0
413 0
414 0
415 0
416 0
417 0
418 0
419 0
420 0
421 0
422 0
423 0
424 0
425 0
426 0
427 0
428 0
429 0
430 0
431 0
432 0
433 0
434 0
435 0
436 0
437 0
438 0
439 0
440 0
441 0
442 0
443 0
444 0
445 0
446 0
447 0
448 0
449 0
450 0
451 0
452 0
453 0
454 0
455 0
456 0
457 0
458 0
459 0
460 0
461 0
462 0
463 0
464 0
465 0
466 0
467 0
468 0
469 0
470 0
471 0
472 0
473 0
474 0
475 0
476 0
477 0
478 0
479 0
480 0
481 0
482 0
483 0
484 0
485 0
486 0
487 0
488 0
489 0
490 0
491 0
492 0
493 0
494 0
495 0
496 0
497 0
498 0
499 0
500 0
501 0
502 0
503 0
504 0
505 0
506 0
507 0
508 0
509 0
510 0
511 0
512 0
513 0
514 0
515 0
516 0
517 0
518 0
519 0
520 0
521 0
522 0
523 0
524 0
525 0
526 0
527 0
528 0
529 0
530 0
531 0
532 0
533 0
534 0
535 0
536 0
537 0
538 0
539 0
540 0
541 0
542 0
543 0
544 0
545 0
546 0
547 0
548 0
549 0
550 0
551 0
552 0
553 0
554 0
555 0
556 0
557 0
558 0
559 0
560 0
561 0
562 0
563 0
564 0
565 0
566 0
567 0
568 0
569 0
570 0
571 0
572 0
573 0
574 0
575 0
576 0
577 0
578 0
579 0
580 0
581 0
582 0
583 0
584 0
585 0
586 0
587 0
588 0
589 0
590 0
591 0
592 0
593 0
594 0
595 0
596 0
597 0
598 0
599 0
600 0
601 0
602 0
603 0
604 0
605 0
606 0
607 0
608 0
609 0
610 0
611 0
612 0
613 0
614 0
615 0
616 0
617 0
618 0
619 0
620 0
621 0
622 0
623 0
624 0
625 0
626 0
627 0
628 0
629 0
630 0
631 0
632 0
633 0
634 0
635 0
636 0
637 0
638 0
639 0
640 0
641 0
642 0
643 0
644 0
645 0
646 0
647 0
648 0
649 0
650 0
651 0
652 0
653 0
654 0
655 0
656 0
657 0
658 0
659 0
660 0
661 0
662 0
663 0
664 0
665 0
666 0
667 0
668 0
669 0
670 0
671 0
672 0
673 0
674 0
675 0
676 0
677 0
678 0
679 0
680 0
681 0
682 0
683 0
684 0
685 0
686 0
687 0
688 0
689 0
690 0
691 0
692 0
693 0
694 0
695 0
696 0
697 0
698 0
699 0
700 0
701 0
702 0
703 0
704 0
705 0
706 0
707 0
708 0
709 0
710 0
711 0
712 0
713 0
714 0
715 0
716 0
717 0
718 0
719 0
