0 24.0488
1 10.6644
2 7.21793
3 5.63022
4 4.71779
5 4.09764
6 3.63601
7 3.28995
8 3.01747
9 2.80019
10 2.62202
11 2.47983
12 2.33983
13 2.21598
14 2.10466
15 2.01549
16 1.93299
17 1.8551
18 1.78759
19 1.72868
20 1.66348
21 1.61186
22 1.56669
23 1.52622
24 1.49132
25 1.45785
26 1.43203
27 1.40254
28 1.36793
29 1.34268
30 1.31083
31 1.27479
32 1.24158
33 1.21704
34 1.19558
35 1.17673
36 1.15458
37 1.13574
38 1.11184
39 1.09611
40 1.08401
41 1.06474
42 1.05429
43 1.03652
44 1.01708
45 1.00153
46 0.993366
47 0.97567
48 0.958957
49 0.944694
50 0.919016
51 0.900487
52 0.885309
53 0.864955
54 0.842016
55 0.822639
56 0.803558
57 0.78198
58 0.767458
59 0.752871
60 0.742263
61 0.729711
62 0.72633
63 0.717315
64 0.703186
65 0.698042
66 0.679301
67 0.673903
68 0.665101
69 0.650702
70 0.635393
71 0.619734
72 0.60766
73 0.597638
74 0.590188
75 0.576045
76 0.569733
77 0.557813
78 0.55604
79 0.547807
80 0.53723
81 0.534106
82 0.516581
83 0.502724
84 0.49039
85 0.479323
86 0.465171
87 0.461375
88 0.454417
89 0.446572
90 0.438339
91 0.429929
92 0.422349
93 0.413642
94 0.399186
95 0.38932
96 0.380184
97 0.369394
98 0.359479
99 0.348808
100 0.341907
101 0.334679
102 0.328074
103 0.324048
104 0.314994
105 0.311814
106 0.304271
107 0.298683
108 0.293557
109 0.283864
110 0.282044
111 0.267033
112 0.248641
113 0.237837
114 0.226247
115 0.208926
116 0.192597
117 0.175851
118 0.163754
119 0.147136
120 0.131901
121 0.118576
122 0.114647
123 0.10799
124 0.101927
125 0.0931334
126 0.0849853
127 0.0670596
128 0.0488757
129 0.0295988
130 0.0254175
131 0.0120947
132 -0.00158886
133 -0.014942
134 -0.0164169
135 -0.0312097
136 -0.0398352
137 -0.0579619
138 -0.0713474
139 -0.0819752
140 -0.0985915
141 -0.114342
142 -0.135308
143 -0.154001
144 -0.162788
145 -0.166549
146 -0.180851
147 -0.202072
148 -0.22226
149 -0.229833
150 -0.246455
151 -0.264232
152 -0.282769
153 -0.293942
154 -0.308887
155 -0.320063
156 -0.330638
157 -0.3377
158 -0.341494
159 -0.344786
160 -0.347332
161 -0.344385
162 -0.341343
163 -0.348301
164 -0.360445
165 -0.373178
166 -0.373682
167 -0.371658
168 -0.374169
169 -0.383397
170 -0.381067
171 -0.393833
172 -0.399884
173 -0.409743
174 -0.412469
175 -0.418392
176 -0.428493
177 -0.436879
178 -0.447636
179 -0.453665
180 -0.454017
181 -0.46186
182 -0.475538
183 -0.48448
184 -0.49237
185 -0.50095
186 -0.513515
187 -0.512984
188 -0.518033
189 -0.51837
190 -0.520659
191 -0.526902
192 -0.532352
193 -0.542656
194 -0.549559
195 -0.557484
196 -0.557329
197 -0.576921
198 -0.589566
199 -0.592746
200 -0.610906
201 -0.611512
202 -0.616901
203 -0.630351
204 -0.649041
205 -0.648409
206 -0.670206
207 -0.688368
208 -0.691824
209 -0.711129
210 -0.726745
211 -0.735099
212 -0.735651
213 -0.732066
214 -0.723681
215 -0.717989
216 -0.727233
217 -0.734147
218 -0.73813
219 -0.753126
220 -0.752797
221 -0.757402
222 -0.755603
223 -0.758834
224 -0.766789
225 -0.78262
226 -0.785588
227 -0.793708
228 -0.791596
229 -0.79837
230 -0.799233
231 -0.816274
232 -0.819863
233 -0.822538
234 -0.818002
235 -0.818272
236 -0.819957
237 -0.836
238 -0.826218
239 -0.819108
240 -0.825268
241 -0.830748
242 -0.824211
243 -0.812231
244 -0.819333
245 -0.818648
246 -0.808474
247 -0.813176
248 -0.808707
249 -0.812256
250 -0.813398
251 -0.819856
252 -0.817101
253 -0.824283
254 -0.803175
255 -0.796792
256 -0.794868
257 -0.787786
258 -0.787949
259 -0.793731
260 -0.779486
261 -0.77751
262 -0.779082
263 -0.781258
264 -0.767674
265 -0.766587
266 -0.762823
267 -0.774199
268 -0.775499
269 -0.754163
270 -0.754624
271 -0.778692
272 -0.788376
273 -0.79282
274 -0.809873
275 -0.802066
276 -0.7821
277 -0.801498
278 -0.799066
279 -0.784044
280 -0.765959
281 -0.787875
282 -0.79996
283 -0.790448
284 -0.786949
285 -0.806121
286 -0.804175
287 -0.816863
288 -0.816055
289 -0.831295
290 -0.840361
291 -0.83902
292 -0.846826
293 -0.847451
294 -0.840151
295 -0.852806
296 -0.859634
297 -0.877908
298 -0.872188
299 -0.874466
300 -0.883277
301 -0.877568
302 -0.875347
303 -0.888307
304 -0.876266
305 -0.86831
306 -0.850726
307 -0.846787
308 -0.836738
309 -0.827004
310 -0.838458
311 -0.839143
312 -0.822949
313 -0.808849
314 -0.833689
315 -0.840344
316 -0.833331
317 -0.82246
318 -0.799684
319 -0.798935
320 -0.814486
321 -0.818131
322 -0.817464
323 -0.850467
324 -0.848997
325 -0.859987
326 -0.834365
327 -0.860985
328 -0.868446
329 -0.877535
330 -0.882777
331 -0.8649
332 -0.803707
333 -0.799739
334 -0.857205
335 -0.864231
336 -0.846476
337 -0.894344
338 -0.843753
339 -0.8537
340 -0.855478
341 -0.860559
342 -0.927937
343 -0.874845
344 -0.846204
345 -0.86875
346 -0.831889
347 -0.909481
348 -0.876145
349 -0.93643
350 -0.944455
351 -1.04399
352 -1.02335
353 -1.10272
354 -1.04642
355 -1.03525
356 -1.26422
357 -1.08306
358 -1.132
359 -1.20758
